/*--------------------------------*- C++ -*----------------------------------*\
| =========                 |                                                 |
| \\      /  F ield         | OpenFOAM: The Open Source CFD Toolbox           |
|  \\    /   O peration     | Version:  2112                                  |
|   \\  /    A nd           | Website:  www.openfoam.com                      |
|    \\/     M anipulation  |                                                 |
\*---------------------------------------------------------------------------*/
FoamFile
{
    version     2.0;
    format      ascii;
    arch        "LSB;label=64;scalar=64";
    note        "nPoints:5452  nCells:4248  nFaces:13857  nInternalFaces:11631";
    class       labelList;
    location    "constant/polyMesh";
    object      neighbour;
}
// * * * * * * * * * * * * * * * * * * * * * * * * * * * * * * * * * * * * * //


11631
(
1
3
9
2
4
10
5
11
450
4
6
12
5
7
13
8
14
453
7
15
1350
8
16
1351
17
456
1352
10
12
18
11
13
19
14
20
459
13
15
21
14
16
22
17
23
462
16
24
1359
17
25
1360
26
465
1361
19
21
27
20
22
28
23
29
468
22
24
30
23
25
31
26
32
471
25
33
1368
26
34
1369
35
474
1370
28
30
36
29
31
37
32
38
477
31
33
39
32
34
40
35
41
480
34
42
1377
35
43
1378
44
483
1379
37
39
45
38
40
46
41
47
486
40
42
48
41
43
49
44
50
489
43
51
1386
44
52
1387
53
492
1388
46
48
54
47
49
55
50
56
495
49
51
57
50
52
58
53
59
498
52
60
1395
53
61
1396
62
501
1397
55
57
63
56
58
64
59
65
504
58
60
66
59
61
67
62
68
507
61
69
1404
62
70
1405
71
510
1406
64
66
72
65
67
73
68
74
513
67
69
75
68
70
76
71
77
516
70
78
1413
71
79
1414
80
519
1415
73
75
81
74
76
82
77
83
522
76
78
84
77
79
85
80
86
525
79
87
1422
80
88
1423
89
528
1424
82
84
90
83
85
91
86
92
531
85
87
93
86
88
94
89
95
534
88
96
1431
89
97
1432
98
537
1433
91
93
99
92
94
100
95
101
540
94
96
102
95
97
103
98
104
543
97
105
1440
98
106
1441
107
546
1442
100
102
108
101
103
109
104
110
549
103
105
111
104
106
112
107
113
552
106
114
1449
107
115
1450
116
555
1451
109
111
117
110
112
118
113
119
558
112
114
120
113
115
121
116
122
561
115
123
1458
116
124
1459
125
564
1460
118
120
126
119
121
127
122
128
567
121
123
129
122
124
130
125
131
570
124
132
1467
125
133
1468
134
573
1469
127
129
135
128
130
136
131
137
576
130
132
138
131
133
139
134
140
579
133
141
1476
134
142
1477
143
582
1478
136
138
144
137
139
145
140
146
585
139
141
147
140
142
148
143
149
588
142
150
1485
143
151
1486
152
591
1487
145
147
153
146
148
154
149
155
594
148
150
156
149
151
157
152
158
597
151
159
1494
152
160
1495
161
600
1496
154
156
162
155
157
163
158
164
603
157
159
165
158
160
166
161
167
606
160
168
1503
161
169
1504
170
609
1505
163
165
171
164
166
172
167
173
612
166
168
174
167
169
175
170
176
615
169
177
1512
170
178
1513
179
618
1514
172
174
180
173
175
181
176
182
621
175
177
183
176
178
184
179
185
624
178
186
1521
179
187
1522
188
627
1523
181
183
189
182
184
190
185
191
630
184
186
192
185
187
193
188
194
633
187
195
1530
188
196
1531
197
636
1532
190
192
198
191
193
199
194
200
639
193
195
201
194
196
202
197
203
642
196
204
1539
197
205
1540
206
645
1541
199
201
207
200
202
208
203
209
648
202
204
210
203
205
211
206
212
651
205
213
1548
206
214
1549
215
654
1550
208
210
216
209
211
217
212
218
657
211
213
219
212
214
220
215
221
660
214
222
1557
215
223
1558
224
663
1559
217
219
225
218
220
226
221
227
666
220
222
228
221
223
229
224
230
669
223
231
1566
224
232
1567
233
672
1568
226
228
234
227
229
235
230
236
675
229
231
237
230
232
238
233
239
678
232
240
1575
233
241
1576
242
681
1577
235
237
243
236
238
244
239
245
684
238
240
246
239
241
247
242
248
687
241
249
1584
242
250
1585
251
690
1586
244
246
252
245
247
253
248
254
693
247
249
255
248
250
256
251
257
696
250
258
1593
251
259
1594
260
699
1595
253
255
261
254
256
262
257
263
702
256
258
264
257
259
265
260
266
705
259
267
1602
260
268
1603
269
708
1604
262
264
270
263
265
271
266
272
711
265
267
273
266
268
274
269
275
714
268
276
1611
269
277
1612
278
717
1613
271
273
279
272
274
280
275
281
720
274
276
282
275
277
283
278
284
723
277
285
1620
278
286
1621
287
726
1622
280
282
288
281
283
289
284
290
729
283
285
291
284
286
292
287
293
732
286
294
1629
287
295
1630
296
735
1631
289
291
297
290
292
298
293
299
738
292
294
300
293
295
301
296
302
741
295
303
1638
296
304
1639
305
744
1640
298
300
306
299
301
307
302
308
747
301
303
309
302
304
310
305
311
750
304
312
1647
305
313
1648
314
753
1649
307
309
315
308
310
316
311
317
756
310
312
318
311
313
319
314
320
759
313
321
1656
314
322
1657
323
762
1658
316
318
324
317
319
325
320
326
765
319
321
327
320
322
328
323
329
768
322
330
1665
323
331
1666
332
771
1667
325
327
333
326
328
334
329
335
774
328
330
336
329
331
337
332
338
777
331
339
1674
332
340
1675
341
780
1676
334
336
342
335
337
343
338
344
783
337
339
345
338
340
346
341
347
786
340
348
1683
341
349
1684
350
789
1685
343
345
351
344
346
352
347
353
792
346
348
354
347
349
355
350
356
795
349
357
1692
350
358
1693
359
798
1694
352
354
360
353
355
361
356
362
801
355
357
363
356
358
364
359
365
804
358
366
1701
359
367
1702
368
807
1703
361
363
369
362
364
370
365
371
810
364
366
372
365
367
373
368
374
813
367
375
1710
368
376
1711
377
816
1712
370
372
378
371
373
379
374
380
819
373
375
381
374
376
382
377
383
822
376
384
1719
377
385
1720
386
825
1721
379
381
387
380
382
388
383
389
828
382
384
390
383
385
391
386
392
831
385
393
1728
386
394
1729
395
834
1730
388
390
396
389
391
397
392
398
837
391
393
399
392
394
400
395
401
840
394
402
1737
395
403
1738
404
843
1739
397
399
405
398
400
406
401
407
846
400
402
408
401
403
409
404
410
849
403
411
1746
404
412
1747
413
852
1748
406
408
414
407
409
415
410
416
855
409
411
417
410
412
418
413
419
858
412
420
1755
413
421
1756
422
861
1757
415
417
423
416
418
424
419
425
864
418
420
426
419
421
427
422
428
867
421
429
1764
422
430
1765
431
870
1766
424
426
432
425
427
433
428
434
873
427
429
435
428
430
436
431
437
876
430
438
1773
431
439
1774
440
879
1775
433
435
441
434
436
442
437
443
882
436
438
444
437
439
445
440
446
885
439
447
1782
440
448
1783
449
888
1784
442
444
443
445
446
891
445
447
446
448
449
894
448
1791
449
1792
897
1793
451
453
459
452
454
460
455
461
900
454
456
462
455
457
463
458
464
903
457
465
1800
458
466
1801
467
906
1802
460
462
468
461
463
469
464
470
909
463
465
471
464
466
472
467
473
912
466
474
1809
467
475
1810
476
915
1811
469
471
477
470
472
478
473
479
918
472
474
480
473
475
481
476
482
921
475
483
1818
476
484
1819
485
924
1820
478
480
486
479
481
487
482
488
927
481
483
489
482
484
490
485
491
930
484
492
1827
485
493
1828
494
933
1829
487
489
495
488
490
496
491
497
936
490
492
498
491
493
499
494
500
939
493
501
1836
494
502
1837
503
942
1838
496
498
504
497
499
505
500
506
945
499
501
507
500
502
508
503
509
948
502
510
1845
503
511
1846
512
951
1847
505
507
513
506
508
514
509
515
954
508
510
516
509
511
517
512
518
957
511
519
1854
512
520
1855
521
960
1856
514
516
522
515
517
523
518
524
963
517
519
525
518
520
526
521
527
966
520
528
1863
521
529
1864
530
969
1865
523
525
531
524
526
532
527
533
972
526
528
534
527
529
535
530
536
975
529
537
1872
530
538
1873
539
978
1874
532
534
540
533
535
541
536
542
981
535
537
543
536
538
544
539
545
984
538
546
1881
539
547
1882
548
987
1883
541
543
549
542
544
550
545
551
990
544
546
552
545
547
553
548
554
993
547
555
1890
548
556
1891
557
996
1892
550
552
558
551
553
559
554
560
999
553
555
561
554
556
562
557
563
1002
556
564
1899
557
565
1900
566
1005
1901
559
561
567
560
562
568
563
569
1008
562
564
570
563
565
571
566
572
1011
565
573
1908
566
574
1909
575
1014
1910
568
570
576
569
571
577
572
578
1017
571
573
579
572
574
580
575
581
1020
574
582
1917
575
583
1918
584
1023
1919
577
579
585
578
580
586
581
587
1026
580
582
588
581
583
589
584
590
1029
583
591
1926
584
592
1927
593
1032
1928
586
588
594
587
589
595
590
596
1035
589
591
597
590
592
598
593
599
1038
592
600
1935
593
601
1936
602
1041
1937
595
597
603
596
598
604
599
605
1044
598
600
606
599
601
607
602
608
1047
601
609
1944
602
610
1945
611
1050
1946
604
606
612
605
607
613
608
614
1053
607
609
615
608
610
616
611
617
1056
610
618
1953
611
619
1954
620
1059
1955
613
615
621
614
616
622
617
623
1062
616
618
624
617
619
625
620
626
1065
619
627
1962
620
628
1963
629
1068
1964
622
624
630
623
625
631
626
632
1071
625
627
633
626
628
634
629
635
1074
628
636
1971
629
637
1972
638
1077
1973
631
633
639
632
634
640
635
641
1080
634
636
642
635
637
643
638
644
1083
637
645
1980
638
646
1981
647
1086
1982
640
642
648
641
643
649
644
650
1089
643
645
651
644
646
652
647
653
1092
646
654
1989
647
655
1990
656
1095
1991
649
651
657
650
652
658
653
659
1098
652
654
660
653
655
661
656
662
1101
655
663
1998
656
664
1999
665
1104
2000
658
660
666
659
661
667
662
668
1107
661
663
669
662
664
670
665
671
1110
664
672
2007
665
673
2008
674
1113
2009
667
669
675
668
670
676
671
677
1116
670
672
678
671
673
679
674
680
1119
673
681
2016
674
682
2017
683
1122
2018
676
678
684
677
679
685
680
686
1125
679
681
687
680
682
688
683
689
1128
682
690
2025
683
691
2026
692
1131
2027
685
687
693
686
688
694
689
695
1134
688
690
696
689
691
697
692
698
1137
691
699
2034
692
700
2035
701
1140
2036
694
696
702
695
697
703
698
704
1143
697
699
705
698
700
706
701
707
1146
700
708
2043
701
709
2044
710
1149
2045
703
705
711
704
706
712
707
713
1152
706
708
714
707
709
715
710
716
1155
709
717
2052
710
718
2053
719
1158
2054
712
714
720
713
715
721
716
722
1161
715
717
723
716
718
724
719
725
1164
718
726
2061
719
727
2062
728
1167
2063
721
723
729
722
724
730
725
731
1170
724
726
732
725
727
733
728
734
1173
727
735
2070
728
736
2071
737
1176
2072
730
732
738
731
733
739
734
740
1179
733
735
741
734
736
742
737
743
1182
736
744
2079
737
745
2080
746
1185
2081
739
741
747
740
742
748
743
749
1188
742
744
750
743
745
751
746
752
1191
745
753
2088
746
754
2089
755
1194
2090
748
750
756
749
751
757
752
758
1197
751
753
759
752
754
760
755
761
1200
754
762
2097
755
763
2098
764
1203
2099
757
759
765
758
760
766
761
767
1206
760
762
768
761
763
769
764
770
1209
763
771
2106
764
772
2107
773
1212
2108
766
768
774
767
769
775
770
776
1215
769
771
777
770
772
778
773
779
1218
772
780
2115
773
781
2116
782
1221
2117
775
777
783
776
778
784
779
785
1224
778
780
786
779
781
787
782
788
1227
781
789
2124
782
790
2125
791
1230
2126
784
786
792
785
787
793
788
794
1233
787
789
795
788
790
796
791
797
1236
790
798
2133
791
799
2134
800
1239
2135
793
795
801
794
796
802
797
803
1242
796
798
804
797
799
805
800
806
1245
799
807
2142
800
808
2143
809
1248
2144
802
804
810
803
805
811
806
812
1251
805
807
813
806
808
814
809
815
1254
808
816
2151
809
817
2152
818
1257
2153
811
813
819
812
814
820
815
821
1260
814
816
822
815
817
823
818
824
1263
817
825
2160
818
826
2161
827
1266
2162
820
822
828
821
823
829
824
830
1269
823
825
831
824
826
832
827
833
1272
826
834
2169
827
835
2170
836
1275
2171
829
831
837
830
832
838
833
839
1278
832
834
840
833
835
841
836
842
1281
835
843
2178
836
844
2179
845
1284
2180
838
840
846
839
841
847
842
848
1287
841
843
849
842
844
850
845
851
1290
844
852
2187
845
853
2188
854
1293
2189
847
849
855
848
850
856
851
857
1296
850
852
858
851
853
859
854
860
1299
853
861
2196
854
862
2197
863
1302
2198
856
858
864
857
859
865
860
866
1305
859
861
867
860
862
868
863
869
1308
862
870
2205
863
871
2206
872
1311
2207
865
867
873
866
868
874
869
875
1314
868
870
876
869
871
877
872
878
1317
871
879
2214
872
880
2215
881
1320
2216
874
876
882
875
877
883
878
884
1323
877
879
885
878
880
886
881
887
1326
880
888
2223
881
889
2224
890
1329
2225
883
885
891
884
886
892
887
893
1332
886
888
894
887
889
895
890
896
1335
889
897
2232
890
898
2233
899
1338
2234
892
894
893
895
896
1341
895
897
896
898
899
1344
898
2241
899
2242
1347
2243
901
903
909
902
904
910
905
911
904
906
912
905
907
913
908
914
907
915
2250
908
916
2251
917
2252
910
912
918
911
913
919
914
920
913
915
921
914
916
922
917
923
916
924
2259
917
925
2260
926
2261
919
921
927
920
922
928
923
929
922
924
930
923
925
931
926
932
925
933
2268
926
934
2269
935
2270
928
930
936
929
931
937
932
938
931
933
939
932
934
940
935
941
934
942
2277
935
943
2278
944
2279
937
939
945
938
940
946
941
947
940
942
948
941
943
949
944
950
943
951
2286
944
952
2287
953
2288
946
948
954
947
949
955
950
956
949
951
957
950
952
958
953
959
952
960
2295
953
961
2296
962
2297
955
957
963
956
958
964
959
965
958
960
966
959
961
967
962
968
961
969
2304
962
970
2305
971
2306
964
966
972
965
967
973
968
974
967
969
975
968
970
976
971
977
970
978
2313
971
979
2314
980
2315
973
975
981
974
976
982
977
983
976
978
984
977
979
985
980
986
979
987
2322
980
988
2323
989
2324
982
984
990
983
985
991
986
992
985
987
993
986
988
994
989
995
988
996
2331
989
997
2332
998
2333
991
993
999
992
994
1000
995
1001
994
996
1002
995
997
1003
998
1004
997
1005
2340
998
1006
2341
1007
2342
1000
1002
1008
1001
1003
1009
1004
1010
1003
1005
1011
1004
1006
1012
1007
1013
1006
1014
2349
1007
1015
2350
1016
2351
1009
1011
1017
1010
1012
1018
1013
1019
1012
1014
1020
1013
1015
1021
1016
1022
1015
1023
2358
1016
1024
2359
1025
2360
1018
1020
1026
1019
1021
1027
1022
1028
1021
1023
1029
1022
1024
1030
1025
1031
1024
1032
2367
1025
1033
2368
1034
2369
1027
1029
1035
1028
1030
1036
1031
1037
1030
1032
1038
1031
1033
1039
1034
1040
1033
1041
2376
1034
1042
2377
1043
2378
1036
1038
1044
1037
1039
1045
1040
1046
1039
1041
1047
1040
1042
1048
1043
1049
1042
1050
2385
1043
1051
2386
1052
2387
1045
1047
1053
1046
1048
1054
1049
1055
1048
1050
1056
1049
1051
1057
1052
1058
1051
1059
2394
1052
1060
2395
1061
2396
1054
1056
1062
1055
1057
1063
1058
1064
1057
1059
1065
1058
1060
1066
1061
1067
1060
1068
2403
1061
1069
2404
1070
2405
1063
1065
1071
1064
1066
1072
1067
1073
1066
1068
1074
1067
1069
1075
1070
1076
1069
1077
2412
1070
1078
2413
1079
2414
1072
1074
1080
1073
1075
1081
1076
1082
1075
1077
1083
1076
1078
1084
1079
1085
1078
1086
2421
1079
1087
2422
1088
2423
1081
1083
1089
1082
1084
1090
1085
1091
1084
1086
1092
1085
1087
1093
1088
1094
1087
1095
2430
1088
1096
2431
1097
2432
1090
1092
1098
1091
1093
1099
1094
1100
1093
1095
1101
1094
1096
1102
1097
1103
1096
1104
2439
1097
1105
2440
1106
2441
1099
1101
1107
1100
1102
1108
1103
1109
1102
1104
1110
1103
1105
1111
1106
1112
1105
1113
2448
1106
1114
2449
1115
2450
1108
1110
1116
1109
1111
1117
1112
1118
1111
1113
1119
1112
1114
1120
1115
1121
1114
1122
2457
1115
1123
2458
1124
2459
1117
1119
1125
1118
1120
1126
1121
1127
1120
1122
1128
1121
1123
1129
1124
1130
1123
1131
2466
1124
1132
2467
1133
2468
1126
1128
1134
1127
1129
1135
1130
1136
1129
1131
1137
1130
1132
1138
1133
1139
1132
1140
2475
1133
1141
2476
1142
2477
1135
1137
1143
1136
1138
1144
1139
1145
1138
1140
1146
1139
1141
1147
1142
1148
1141
1149
2484
1142
1150
2485
1151
2486
1144
1146
1152
1145
1147
1153
1148
1154
1147
1149
1155
1148
1150
1156
1151
1157
1150
1158
2493
1151
1159
2494
1160
2495
1153
1155
1161
1154
1156
1162
1157
1163
1156
1158
1164
1157
1159
1165
1160
1166
1159
1167
2502
1160
1168
2503
1169
2504
1162
1164
1170
1163
1165
1171
1166
1172
1165
1167
1173
1166
1168
1174
1169
1175
1168
1176
2511
1169
1177
2512
1178
2513
1171
1173
1179
1172
1174
1180
1175
1181
1174
1176
1182
1175
1177
1183
1178
1184
1177
1185
2520
1178
1186
2521
1187
2522
1180
1182
1188
1181
1183
1189
1184
1190
1183
1185
1191
1184
1186
1192
1187
1193
1186
1194
2529
1187
1195
2530
1196
2531
1189
1191
1197
1190
1192
1198
1193
1199
1192
1194
1200
1193
1195
1201
1196
1202
1195
1203
2538
1196
1204
2539
1205
2540
1198
1200
1206
1199
1201
1207
1202
1208
1201
1203
1209
1202
1204
1210
1205
1211
1204
1212
2547
1205
1213
2548
1214
2549
1207
1209
1215
1208
1210
1216
1211
1217
1210
1212
1218
1211
1213
1219
1214
1220
1213
1221
2556
1214
1222
2557
1223
2558
1216
1218
1224
1217
1219
1225
1220
1226
1219
1221
1227
1220
1222
1228
1223
1229
1222
1230
2565
1223
1231
2566
1232
2567
1225
1227
1233
1226
1228
1234
1229
1235
1228
1230
1236
1229
1231
1237
1232
1238
1231
1239
2574
1232
1240
2575
1241
2576
1234
1236
1242
1235
1237
1243
1238
1244
1237
1239
1245
1238
1240
1246
1241
1247
1240
1248
2583
1241
1249
2584
1250
2585
1243
1245
1251
1244
1246
1252
1247
1253
1246
1248
1254
1247
1249
1255
1250
1256
1249
1257
2592
1250
1258
2593
1259
2594
1252
1254
1260
1253
1255
1261
1256
1262
1255
1257
1263
1256
1258
1264
1259
1265
1258
1266
2601
1259
1267
2602
1268
2603
1261
1263
1269
1262
1264
1270
1265
1271
1264
1266
1272
1265
1267
1273
1268
1274
1267
1275
2610
1268
1276
2611
1277
2612
1270
1272
1278
1271
1273
1279
1274
1280
1273
1275
1281
1274
1276
1282
1277
1283
1276
1284
2619
1277
1285
2620
1286
2621
1279
1281
1287
1280
1282
1288
1283
1289
1282
1284
1290
1283
1285
1291
1286
1292
1285
1293
2628
1286
1294
2629
1295
2630
1288
1290
1296
1289
1291
1297
1292
1298
1291
1293
1299
1292
1294
1300
1295
1301
1294
1302
2637
1295
1303
2638
1304
2639
1297
1299
1305
1298
1300
1306
1301
1307
1300
1302
1308
1301
1303
1309
1304
1310
1303
1311
2646
1304
1312
2647
1313
2648
1306
1308
1314
1307
1309
1315
1310
1316
1309
1311
1317
1310
1312
1318
1313
1319
1312
1320
2655
1313
1321
2656
1322
2657
1315
1317
1323
1316
1318
1324
1319
1325
1318
1320
1326
1319
1321
1327
1322
1328
1321
1329
2664
1322
1330
2665
1331
2666
1324
1326
1332
1325
1327
1333
1328
1334
1327
1329
1335
1328
1330
1336
1331
1337
1330
1338
2673
1331
1339
2674
1340
2675
1333
1335
1341
1334
1336
1342
1337
1343
1336
1338
1344
1337
1339
1345
1340
1346
1339
1347
2682
1340
1348
2683
1349
2684
1342
1344
1343
1345
1346
1345
1347
1346
1348
1349
1348
2691
1349
2692
2693
1351
1353
1359
1352
1354
1360
1355
1361
1800
1354
1356
1362
1355
1357
1363
1358
1364
1803
1357
1365
2700
1358
1366
2701
1367
1806
2702
1360
1362
1368
1361
1363
1369
1364
1370
1809
1363
1365
1371
1364
1366
1372
1367
1373
1812
1366
1374
2709
1367
1375
2710
1376
1815
2711
1369
1371
1377
1370
1372
1378
1373
1379
1818
1372
1374
1380
1373
1375
1381
1376
1382
1821
1375
1383
2718
1376
1384
2719
1385
1824
2720
1378
1380
1386
1379
1381
1387
1382
1388
1827
1381
1383
1389
1382
1384
1390
1385
1391
1830
1384
1392
2727
1385
1393
2728
1394
1833
2729
1387
1389
1395
1388
1390
1396
1391
1397
1836
1390
1392
1398
1391
1393
1399
1394
1400
1839
1393
1401
2736
1394
1402
2737
1403
1842
2738
1396
1398
1404
1397
1399
1405
1400
1406
1845
1399
1401
1407
1400
1402
1408
1403
1409
1848
1402
1410
2745
1403
1411
2746
1412
1851
2747
1405
1407
1413
1406
1408
1414
1409
1415
1854
1408
1410
1416
1409
1411
1417
1412
1418
1857
1411
1419
2754
1412
1420
2755
1421
1860
2756
1414
1416
1422
1415
1417
1423
1418
1424
1863
1417
1419
1425
1418
1420
1426
1421
1427
1866
1420
1428
2763
1421
1429
2764
1430
1869
2765
1423
1425
1431
1424
1426
1432
1427
1433
1872
1426
1428
1434
1427
1429
1435
1430
1436
1875
1429
1437
2772
1430
1438
2773
1439
1878
2774
1432
1434
1440
1433
1435
1441
1436
1442
1881
1435
1437
1443
1436
1438
1444
1439
1445
1884
1438
1446
2781
1439
1447
2782
1448
1887
2783
1441
1443
1449
1442
1444
1450
1445
1451
1890
1444
1446
1452
1445
1447
1453
1448
1454
1893
1447
1455
2790
1448
1456
2791
1457
1896
2792
1450
1452
1458
1451
1453
1459
1454
1460
1899
1453
1455
1461
1454
1456
1462
1457
1463
1902
1456
1464
2799
1457
1465
2800
1466
1905
2801
1459
1461
1467
1460
1462
1468
1463
1469
1908
1462
1464
1470
1463
1465
1471
1466
1472
1911
1465
1473
2808
1466
1474
2809
1475
1914
2810
1468
1470
1476
1469
1471
1477
1472
1478
1917
1471
1473
1479
1472
1474
1480
1475
1481
1920
1474
1482
2817
1475
1483
2818
1484
1923
2819
1477
1479
1485
1478
1480
1486
1481
1487
1926
1480
1482
1488
1481
1483
1489
1484
1490
1929
1483
1491
2826
1484
1492
2827
1493
1932
2828
1486
1488
1494
1487
1489
1495
1490
1496
1935
1489
1491
1497
1490
1492
1498
1493
1499
1938
1492
1500
2835
1493
1501
2836
1502
1941
2837
1495
1497
1503
1496
1498
1504
1499
1505
1944
1498
1500
1506
1499
1501
1507
1502
1508
1947
1501
1509
2844
1502
1510
2845
1511
1950
2846
1504
1506
1512
1505
1507
1513
1508
1514
1953
1507
1509
1515
1508
1510
1516
1511
1517
1956
1510
1518
2853
1511
1519
2854
1520
1959
2855
1513
1515
1521
1514
1516
1522
1517
1523
1962
1516
1518
1524
1517
1519
1525
1520
1526
1965
1519
1527
2862
1520
1528
2863
1529
1968
2864
1522
1524
1530
1523
1525
1531
1526
1532
1971
1525
1527
1533
1526
1528
1534
1529
1535
1974
1528
1536
2871
1529
1537
2872
1538
1977
2873
1531
1533
1539
1532
1534
1540
1535
1541
1980
1534
1536
1542
1535
1537
1543
1538
1544
1983
1537
1545
2880
1538
1546
2881
1547
1986
2882
1540
1542
1548
1541
1543
1549
1544
1550
1989
1543
1545
1551
1544
1546
1552
1547
1553
1992
1546
1554
2889
1547
1555
2890
1556
1995
2891
1549
1551
1557
1550
1552
1558
1553
1559
1998
1552
1554
1560
1553
1555
1561
1556
1562
2001
1555
1563
2898
1556
1564
2899
1565
2004
2900
1558
1560
1566
1559
1561
1567
1562
1568
2007
1561
1563
1569
1562
1564
1570
1565
1571
2010
1564
1572
2907
1565
1573
2908
1574
2013
2909
1567
1569
1575
1568
1570
1576
1571
1577
2016
1570
1572
1578
1571
1573
1579
1574
1580
2019
1573
1581
2916
1574
1582
2917
1583
2022
2918
1576
1578
1584
1577
1579
1585
1580
1586
2025
1579
1581
1587
1580
1582
1588
1583
1589
2028
1582
1590
2925
1583
1591
2926
1592
2031
2927
1585
1587
1593
1586
1588
1594
1589
1595
2034
1588
1590
1596
1589
1591
1597
1592
1598
2037
1591
1599
2934
1592
1600
2935
1601
2040
2936
1594
1596
1602
1595
1597
1603
1598
1604
2043
1597
1599
1605
1598
1600
1606
1601
1607
2046
1600
1608
2943
1601
1609
2944
1610
2049
2945
1603
1605
1611
1604
1606
1612
1607
1613
2052
1606
1608
1614
1607
1609
1615
1610
1616
2055
1609
1617
2952
1610
1618
2953
1619
2058
2954
1612
1614
1620
1613
1615
1621
1616
1622
2061
1615
1617
1623
1616
1618
1624
1619
1625
2064
1618
1626
2961
1619
1627
2962
1628
2067
2963
1621
1623
1629
1622
1624
1630
1625
1631
2070
1624
1626
1632
1625
1627
1633
1628
1634
2073
1627
1635
2970
1628
1636
2971
1637
2076
2972
1630
1632
1638
1631
1633
1639
1634
1640
2079
1633
1635
1641
1634
1636
1642
1637
1643
2082
1636
1644
2979
1637
1645
2980
1646
2085
2981
1639
1641
1647
1640
1642
1648
1643
1649
2088
1642
1644
1650
1643
1645
1651
1646
1652
2091
1645
1653
2988
1646
1654
2989
1655
2094
2990
1648
1650
1656
1649
1651
1657
1652
1658
2097
1651
1653
1659
1652
1654
1660
1655
1661
2100
1654
1662
2997
1655
1663
2998
1664
2103
2999
1657
1659
1665
1658
1660
1666
1661
1667
2106
1660
1662
1668
1661
1663
1669
1664
1670
2109
1663
1671
3006
1664
1672
3007
1673
2112
3008
1666
1668
1674
1667
1669
1675
1670
1676
2115
1669
1671
1677
1670
1672
1678
1673
1679
2118
1672
1680
3015
1673
1681
3016
1682
2121
3017
1675
1677
1683
1676
1678
1684
1679
1685
2124
1678
1680
1686
1679
1681
1687
1682
1688
2127
1681
1689
3024
1682
1690
3025
1691
2130
3026
1684
1686
1692
1685
1687
1693
1688
1694
2133
1687
1689
1695
1688
1690
1696
1691
1697
2136
1690
1698
3033
1691
1699
3034
1700
2139
3035
1693
1695
1701
1694
1696
1702
1697
1703
2142
1696
1698
1704
1697
1699
1705
1700
1706
2145
1699
1707
3042
1700
1708
3043
1709
2148
3044
1702
1704
1710
1703
1705
1711
1706
1712
2151
1705
1707
1713
1706
1708
1714
1709
1715
2154
1708
1716
3051
1709
1717
3052
1718
2157
3053
1711
1713
1719
1712
1714
1720
1715
1721
2160
1714
1716
1722
1715
1717
1723
1718
1724
2163
1717
1725
3060
1718
1726
3061
1727
2166
3062
1720
1722
1728
1721
1723
1729
1724
1730
2169
1723
1725
1731
1724
1726
1732
1727
1733
2172
1726
1734
3069
1727
1735
3070
1736
2175
3071
1729
1731
1737
1730
1732
1738
1733
1739
2178
1732
1734
1740
1733
1735
1741
1736
1742
2181
1735
1743
3078
1736
1744
3079
1745
2184
3080
1738
1740
1746
1739
1741
1747
1742
1748
2187
1741
1743
1749
1742
1744
1750
1745
1751
2190
1744
1752
3087
1745
1753
3088
1754
2193
3089
1747
1749
1755
1748
1750
1756
1751
1757
2196
1750
1752
1758
1751
1753
1759
1754
1760
2199
1753
1761
3096
1754
1762
3097
1763
2202
3098
1756
1758
1764
1757
1759
1765
1760
1766
2205
1759
1761
1767
1760
1762
1768
1763
1769
2208
1762
1770
3105
1763
1771
3106
1772
2211
3107
1765
1767
1773
1766
1768
1774
1769
1775
2214
1768
1770
1776
1769
1771
1777
1772
1778
2217
1771
1779
3114
1772
1780
3115
1781
2220
3116
1774
1776
1782
1775
1777
1783
1778
1784
2223
1777
1779
1785
1778
1780
1786
1781
1787
2226
1780
1788
3123
1781
1789
3124
1790
2229
3125
1783
1785
1791
1784
1786
1792
1787
1793
2232
1786
1788
1794
1787
1789
1795
1790
1796
2235
1789
1797
3132
1790
1798
3133
1799
2238
3134
1792
1794
1793
1795
1796
2241
1795
1797
1796
1798
1799
2244
1798
3141
1799
3142
2247
3143
1801
1803
1809
1802
1804
1810
1805
1811
2250
1804
1806
1812
1805
1807
1813
1808
1814
2253
1807
1815
3150
1808
1816
3151
1817
2256
3152
1810
1812
1818
1811
1813
1819
1814
1820
2259
1813
1815
1821
1814
1816
1822
1817
1823
2262
1816
1824
3159
1817
1825
3160
1826
2265
3161
1819
1821
1827
1820
1822
1828
1823
1829
2268
1822
1824
1830
1823
1825
1831
1826
1832
2271
1825
1833
3168
1826
1834
3169
1835
2274
3170
1828
1830
1836
1829
1831
1837
1832
1838
2277
1831
1833
1839
1832
1834
1840
1835
1841
2280
1834
1842
3177
1835
1843
3178
1844
2283
3179
1837
1839
1845
1838
1840
1846
1841
1847
2286
1840
1842
1848
1841
1843
1849
1844
1850
2289
1843
1851
3186
1844
1852
3187
1853
2292
3188
1846
1848
1854
1847
1849
1855
1850
1856
2295
1849
1851
1857
1850
1852
1858
1853
1859
2298
1852
1860
3195
1853
1861
3196
1862
2301
3197
1855
1857
1863
1856
1858
1864
1859
1865
2304
1858
1860
1866
1859
1861
1867
1862
1868
2307
1861
1869
3204
1862
1870
3205
1871
2310
3206
1864
1866
1872
1865
1867
1873
1868
1874
2313
1867
1869
1875
1868
1870
1876
1871
1877
2316
1870
1878
3213
1871
1879
3214
1880
2319
3215
1873
1875
1881
1874
1876
1882
1877
1883
2322
1876
1878
1884
1877
1879
1885
1880
1886
2325
1879
1887
3222
1880
1888
3223
1889
2328
3224
1882
1884
1890
1883
1885
1891
1886
1892
2331
1885
1887
1893
1886
1888
1894
1889
1895
2334
1888
1896
3231
1889
1897
3232
1898
2337
3233
1891
1893
1899
1892
1894
1900
1895
1901
2340
1894
1896
1902
1895
1897
1903
1898
1904
2343
1897
1905
3240
1898
1906
3241
1907
2346
3242
1900
1902
1908
1901
1903
1909
1904
1910
2349
1903
1905
1911
1904
1906
1912
1907
1913
2352
1906
1914
3249
1907
1915
3250
1916
2355
3251
1909
1911
1917
1910
1912
1918
1913
1919
2358
1912
1914
1920
1913
1915
1921
1916
1922
2361
1915
1923
3258
1916
1924
3259
1925
2364
3260
1918
1920
1926
1919
1921
1927
1922
1928
2367
1921
1923
1929
1922
1924
1930
1925
1931
2370
1924
1932
3267
1925
1933
3268
1934
2373
3269
1927
1929
1935
1928
1930
1936
1931
1937
2376
1930
1932
1938
1931
1933
1939
1934
1940
2379
1933
1941
3276
1934
1942
3277
1943
2382
3278
1936
1938
1944
1937
1939
1945
1940
1946
2385
1939
1941
1947
1940
1942
1948
1943
1949
2388
1942
1950
3285
1943
1951
3286
1952
2391
3287
1945
1947
1953
1946
1948
1954
1949
1955
2394
1948
1950
1956
1949
1951
1957
1952
1958
2397
1951
1959
3294
1952
1960
3295
1961
2400
3296
1954
1956
1962
1955
1957
1963
1958
1964
2403
1957
1959
1965
1958
1960
1966
1961
1967
2406
1960
1968
3303
1961
1969
3304
1970
2409
3305
1963
1965
1971
1964
1966
1972
1967
1973
2412
1966
1968
1974
1967
1969
1975
1970
1976
2415
1969
1977
3312
1970
1978
3313
1979
2418
3314
1972
1974
1980
1973
1975
1981
1976
1982
2421
1975
1977
1983
1976
1978
1984
1979
1985
2424
1978
1986
3321
1979
1987
3322
1988
2427
3323
1981
1983
1989
1982
1984
1990
1985
1991
2430
1984
1986
1992
1985
1987
1993
1988
1994
2433
1987
1995
3330
1988
1996
3331
1997
2436
3332
1990
1992
1998
1991
1993
1999
1994
2000
2439
1993
1995
2001
1994
1996
2002
1997
2003
2442
1996
2004
3339
1997
2005
3340
2006
2445
3341
1999
2001
2007
2000
2002
2008
2003
2009
2448
2002
2004
2010
2003
2005
2011
2006
2012
2451
2005
2013
3348
2006
2014
3349
2015
2454
3350
2008
2010
2016
2009
2011
2017
2012
2018
2457
2011
2013
2019
2012
2014
2020
2015
2021
2460
2014
2022
3357
2015
2023
3358
2024
2463
3359
2017
2019
2025
2018
2020
2026
2021
2027
2466
2020
2022
2028
2021
2023
2029
2024
2030
2469
2023
2031
3366
2024
2032
3367
2033
2472
3368
2026
2028
2034
2027
2029
2035
2030
2036
2475
2029
2031
2037
2030
2032
2038
2033
2039
2478
2032
2040
3375
2033
2041
3376
2042
2481
3377
2035
2037
2043
2036
2038
2044
2039
2045
2484
2038
2040
2046
2039
2041
2047
2042
2048
2487
2041
2049
3384
2042
2050
3385
2051
2490
3386
2044
2046
2052
2045
2047
2053
2048
2054
2493
2047
2049
2055
2048
2050
2056
2051
2057
2496
2050
2058
3393
2051
2059
3394
2060
2499
3395
2053
2055
2061
2054
2056
2062
2057
2063
2502
2056
2058
2064
2057
2059
2065
2060
2066
2505
2059
2067
3402
2060
2068
3403
2069
2508
3404
2062
2064
2070
2063
2065
2071
2066
2072
2511
2065
2067
2073
2066
2068
2074
2069
2075
2514
2068
2076
3411
2069
2077
3412
2078
2517
3413
2071
2073
2079
2072
2074
2080
2075
2081
2520
2074
2076
2082
2075
2077
2083
2078
2084
2523
2077
2085
3420
2078
2086
3421
2087
2526
3422
2080
2082
2088
2081
2083
2089
2084
2090
2529
2083
2085
2091
2084
2086
2092
2087
2093
2532
2086
2094
3429
2087
2095
3430
2096
2535
3431
2089
2091
2097
2090
2092
2098
2093
2099
2538
2092
2094
2100
2093
2095
2101
2096
2102
2541
2095
2103
3438
2096
2104
3439
2105
2544
3440
2098
2100
2106
2099
2101
2107
2102
2108
2547
2101
2103
2109
2102
2104
2110
2105
2111
2550
2104
2112
3447
2105
2113
3448
2114
2553
3449
2107
2109
2115
2108
2110
2116
2111
2117
2556
2110
2112
2118
2111
2113
2119
2114
2120
2559
2113
2121
3456
2114
2122
3457
2123
2562
3458
2116
2118
2124
2117
2119
2125
2120
2126
2565
2119
2121
2127
2120
2122
2128
2123
2129
2568
2122
2130
3465
2123
2131
3466
2132
2571
3467
2125
2127
2133
2126
2128
2134
2129
2135
2574
2128
2130
2136
2129
2131
2137
2132
2138
2577
2131
2139
3474
2132
2140
3475
2141
2580
3476
2134
2136
2142
2135
2137
2143
2138
2144
2583
2137
2139
2145
2138
2140
2146
2141
2147
2586
2140
2148
3483
2141
2149
3484
2150
2589
3485
2143
2145
2151
2144
2146
2152
2147
2153
2592
2146
2148
2154
2147
2149
2155
2150
2156
2595
2149
2157
3492
2150
2158
3493
2159
2598
3494
2152
2154
2160
2153
2155
2161
2156
2162
2601
2155
2157
2163
2156
2158
2164
2159
2165
2604
2158
2166
3501
2159
2167
3502
2168
2607
3503
2161
2163
2169
2162
2164
2170
2165
2171
2610
2164
2166
2172
2165
2167
2173
2168
2174
2613
2167
2175
3510
2168
2176
3511
2177
2616
3512
2170
2172
2178
2171
2173
2179
2174
2180
2619
2173
2175
2181
2174
2176
2182
2177
2183
2622
2176
2184
3519
2177
2185
3520
2186
2625
3521
2179
2181
2187
2180
2182
2188
2183
2189
2628
2182
2184
2190
2183
2185
2191
2186
2192
2631
2185
2193
3528
2186
2194
3529
2195
2634
3530
2188
2190
2196
2189
2191
2197
2192
2198
2637
2191
2193
2199
2192
2194
2200
2195
2201
2640
2194
2202
3537
2195
2203
3538
2204
2643
3539
2197
2199
2205
2198
2200
2206
2201
2207
2646
2200
2202
2208
2201
2203
2209
2204
2210
2649
2203
2211
3546
2204
2212
3547
2213
2652
3548
2206
2208
2214
2207
2209
2215
2210
2216
2655
2209
2211
2217
2210
2212
2218
2213
2219
2658
2212
2220
3555
2213
2221
3556
2222
2661
3557
2215
2217
2223
2216
2218
2224
2219
2225
2664
2218
2220
2226
2219
2221
2227
2222
2228
2667
2221
2229
3564
2222
2230
3565
2231
2670
3566
2224
2226
2232
2225
2227
2233
2228
2234
2673
2227
2229
2235
2228
2230
2236
2231
2237
2676
2230
2238
3573
2231
2239
3574
2240
2679
3575
2233
2235
2241
2234
2236
2242
2237
2243
2682
2236
2238
2244
2237
2239
2245
2240
2246
2685
2239
2247
3582
2240
2248
3583
2249
2688
3584
2242
2244
4050
2243
2245
4051
2246
2691
4052
2245
2247
4053
2246
2248
4054
2249
2694
4055
2248
3591
4056
2249
3592
4057
2697
3593
4058
2251
2253
2259
2252
2254
2260
2255
2261
2254
2256
2262
2255
2257
2263
2258
2264
2257
2265
3600
2258
2266
3601
2267
3602
2260
2262
2268
2261
2263
2269
2264
2270
2263
2265
2271
2264
2266
2272
2267
2273
2266
2274
3609
2267
2275
3610
2276
3611
2269
2271
2277
2270
2272
2278
2273
2279
2272
2274
2280
2273
2275
2281
2276
2282
2275
2283
3618
2276
2284
3619
2285
3620
2278
2280
2286
2279
2281
2287
2282
2288
2281
2283
2289
2282
2284
2290
2285
2291
2284
2292
3627
2285
2293
3628
2294
3629
2287
2289
2295
2288
2290
2296
2291
2297
2290
2292
2298
2291
2293
2299
2294
2300
2293
2301
3636
2294
2302
3637
2303
3638
2296
2298
2304
2297
2299
2305
2300
2306
2299
2301
2307
2300
2302
2308
2303
2309
2302
2310
3645
2303
2311
3646
2312
3647
2305
2307
2313
2306
2308
2314
2309
2315
2308
2310
2316
2309
2311
2317
2312
2318
2311
2319
3654
2312
2320
3655
2321
3656
2314
2316
2322
2315
2317
2323
2318
2324
2317
2319
2325
2318
2320
2326
2321
2327
2320
2328
3663
2321
2329
3664
2330
3665
2323
2325
2331
2324
2326
2332
2327
2333
2326
2328
2334
2327
2329
2335
2330
2336
2329
2337
3672
2330
2338
3673
2339
3674
2332
2334
2340
2333
2335
2341
2336
2342
2335
2337
2343
2336
2338
2344
2339
2345
2338
2346
3681
2339
2347
3682
2348
3683
2341
2343
2349
2342
2344
2350
2345
2351
2344
2346
2352
2345
2347
2353
2348
2354
2347
2355
3690
2348
2356
3691
2357
3692
2350
2352
2358
2351
2353
2359
2354
2360
2353
2355
2361
2354
2356
2362
2357
2363
2356
2364
3699
2357
2365
3700
2366
3701
2359
2361
2367
2360
2362
2368
2363
2369
2362
2364
2370
2363
2365
2371
2366
2372
2365
2373
3708
2366
2374
3709
2375
3710
2368
2370
2376
2369
2371
2377
2372
2378
2371
2373
2379
2372
2374
2380
2375
2381
2374
2382
3717
2375
2383
3718
2384
3719
2377
2379
2385
2378
2380
2386
2381
2387
2380
2382
2388
2381
2383
2389
2384
2390
2383
2391
3726
2384
2392
3727
2393
3728
2386
2388
2394
2387
2389
2395
2390
2396
2389
2391
2397
2390
2392
2398
2393
2399
2392
2400
3735
2393
2401
3736
2402
3737
2395
2397
2403
2396
2398
2404
2399
2405
2398
2400
2406
2399
2401
2407
2402
2408
2401
2409
3744
2402
2410
3745
2411
3746
2404
2406
2412
2405
2407
2413
2408
2414
2407
2409
2415
2408
2410
2416
2411
2417
2410
2418
3753
2411
2419
3754
2420
3755
2413
2415
2421
2414
2416
2422
2417
2423
2416
2418
2424
2417
2419
2425
2420
2426
2419
2427
3762
2420
2428
3763
2429
3764
2422
2424
2430
2423
2425
2431
2426
2432
2425
2427
2433
2426
2428
2434
2429
2435
2428
2436
3771
2429
2437
3772
2438
3773
2431
2433
2439
2432
2434
2440
2435
2441
2434
2436
2442
2435
2437
2443
2438
2444
2437
2445
3780
2438
2446
3781
2447
3782
2440
2442
2448
2441
2443
2449
2444
2450
2443
2445
2451
2444
2446
2452
2447
2453
2446
2454
3789
2447
2455
3790
2456
3791
2449
2451
2457
2450
2452
2458
2453
2459
2452
2454
2460
2453
2455
2461
2456
2462
2455
2463
3798
2456
2464
3799
2465
3800
2458
2460
2466
2459
2461
2467
2462
2468
2461
2463
2469
2462
2464
2470
2465
2471
2464
2472
3807
2465
2473
3808
2474
3809
2467
2469
2475
2468
2470
2476
2471
2477
2470
2472
2478
2471
2473
2479
2474
2480
2473
2481
3816
2474
2482
3817
2483
3818
2476
2478
2484
2477
2479
2485
2480
2486
2479
2481
2487
2480
2482
2488
2483
2489
2482
2490
3825
2483
2491
3826
2492
3827
2485
2487
2493
2486
2488
2494
2489
2495
2488
2490
2496
2489
2491
2497
2492
2498
2491
2499
3834
2492
2500
3835
2501
3836
2494
2496
2502
2495
2497
2503
2498
2504
2497
2499
2505
2498
2500
2506
2501
2507
2500
2508
3843
2501
2509
3844
2510
3845
2503
2505
2511
2504
2506
2512
2507
2513
2506
2508
2514
2507
2509
2515
2510
2516
2509
2517
3852
2510
2518
3853
2519
3854
2512
2514
2520
2513
2515
2521
2516
2522
2515
2517
2523
2516
2518
2524
2519
2525
2518
2526
3861
2519
2527
3862
2528
3863
2521
2523
2529
2522
2524
2530
2525
2531
2524
2526
2532
2525
2527
2533
2528
2534
2527
2535
3870
2528
2536
3871
2537
3872
2530
2532
2538
2531
2533
2539
2534
2540
2533
2535
2541
2534
2536
2542
2537
2543
2536
2544
3879
2537
2545
3880
2546
3881
2539
2541
2547
2540
2542
2548
2543
2549
2542
2544
2550
2543
2545
2551
2546
2552
2545
2553
3888
2546
2554
3889
2555
3890
2548
2550
2556
2549
2551
2557
2552
2558
2551
2553
2559
2552
2554
2560
2555
2561
2554
2562
3897
2555
2563
3898
2564
3899
2557
2559
2565
2558
2560
2566
2561
2567
2560
2562
2568
2561
2563
2569
2564
2570
2563
2571
3906
2564
2572
3907
2573
3908
2566
2568
2574
2567
2569
2575
2570
2576
2569
2571
2577
2570
2572
2578
2573
2579
2572
2580
3915
2573
2581
3916
2582
3917
2575
2577
2583
2576
2578
2584
2579
2585
2578
2580
2586
2579
2581
2587
2582
2588
2581
2589
3924
2582
2590
3925
2591
3926
2584
2586
2592
2585
2587
2593
2588
2594
2587
2589
2595
2588
2590
2596
2591
2597
2590
2598
3933
2591
2599
3934
2600
3935
2593
2595
2601
2594
2596
2602
2597
2603
2596
2598
2604
2597
2599
2605
2600
2606
2599
2607
3942
2600
2608
3943
2609
3944
2602
2604
2610
2603
2605
2611
2606
2612
2605
2607
2613
2606
2608
2614
2609
2615
2608
2616
3951
2609
2617
3952
2618
3953
2611
2613
2619
2612
2614
2620
2615
2621
2614
2616
2622
2615
2617
2623
2618
2624
2617
2625
3960
2618
2626
3961
2627
3962
2620
2622
2628
2621
2623
2629
2624
2630
2623
2625
2631
2624
2626
2632
2627
2633
2626
2634
3969
2627
2635
3970
2636
3971
2629
2631
2637
2630
2632
2638
2633
2639
2632
2634
2640
2633
2635
2641
2636
2642
2635
2643
3978
2636
2644
3979
2645
3980
2638
2640
2646
2639
2641
2647
2642
2648
2641
2643
2649
2642
2644
2650
2645
2651
2644
2652
3987
2645
2653
3988
2654
3989
2647
2649
2655
2648
2650
2656
2651
2657
2650
2652
2658
2651
2653
2659
2654
2660
2653
2661
3996
2654
2662
3997
2663
3998
2656
2658
2664
2657
2659
2665
2660
2666
2659
2661
2667
2660
2662
2668
2663
2669
2662
2670
4005
2663
2671
4006
2672
4007
2665
2667
2673
2666
2668
2674
2669
2675
2668
2670
2676
2669
2671
2677
2672
2678
2671
2679
4014
2672
2680
4015
2681
4016
2674
2676
2682
2675
2677
2683
2678
2684
2677
2679
2685
2678
2680
2686
2681
2687
2680
2688
4023
2681
2689
4024
2690
4025
2683
2685
2691
2684
2686
2692
2687
2693
2686
2688
2694
2687
2689
2695
2690
2696
2689
2697
4032
2690
2698
4033
2699
4034
2692
2694
2693
2695
2696
2695
2697
2696
2698
2699
2698
4041
2699
4042
4043
2701
2703
2709
2702
2704
2710
2705
2711
3150
2704
2706
2712
2705
2707
2713
2708
2714
3153
2707
2715
2708
2716
2717
3156
2710
2712
2718
2711
2713
2719
2714
2720
3159
2713
2715
2721
2714
2716
2722
2717
2723
3162
2716
2724
2717
2725
2726
3165
2719
2721
2727
2720
2722
2728
2723
2729
3168
2722
2724
2730
2723
2725
2731
2726
2732
3171
2725
2733
2726
2734
2735
3174
2728
2730
2736
2729
2731
2737
2732
2738
3177
2731
2733
2739
2732
2734
2740
2735
2741
3180
2734
2742
2735
2743
2744
3183
2737
2739
2745
2738
2740
2746
2741
2747
3186
2740
2742
2748
2741
2743
2749
2744
2750
3189
2743
2751
2744
2752
2753
3192
2746
2748
2754
2747
2749
2755
2750
2756
3195
2749
2751
2757
2750
2752
2758
2753
2759
3198
2752
2760
2753
2761
2762
3201
2755
2757
2763
2756
2758
2764
2759
2765
3204
2758
2760
2766
2759
2761
2767
2762
2768
3207
2761
2769
2762
2770
2771
3210
2764
2766
2772
2765
2767
2773
2768
2774
3213
2767
2769
2775
2768
2770
2776
2771
2777
3216
2770
2778
2771
2779
2780
3219
2773
2775
2781
2774
2776
2782
2777
2783
3222
2776
2778
2784
2777
2779
2785
2780
2786
3225
2779
2787
2780
2788
2789
3228
2782
2784
2790
2783
2785
2791
2786
2792
3231
2785
2787
2793
2786
2788
2794
2789
2795
3234
2788
2796
2789
2797
2798
3237
2791
2793
2799
2792
2794
2800
2795
2801
3240
2794
2796
2802
2795
2797
2803
2798
2804
3243
2797
2805
2798
2806
2807
3246
2800
2802
2808
2801
2803
2809
2804
2810
3249
2803
2805
2811
2804
2806
2812
2807
2813
3252
2806
2814
2807
2815
2816
3255
2809
2811
2817
2810
2812
2818
2813
2819
3258
2812
2814
2820
2813
2815
2821
2816
2822
3261
2815
2823
2816
2824
2825
3264
2818
2820
2826
2819
2821
2827
2822
2828
3267
2821
2823
2829
2822
2824
2830
2825
2831
3270
2824
2832
2825
2833
2834
3273
2827
2829
2835
2828
2830
2836
2831
2837
3276
2830
2832
2838
2831
2833
2839
2834
2840
3279
2833
2841
2834
2842
2843
3282
2836
2838
2844
2837
2839
2845
2840
2846
3285
2839
2841
2847
2840
2842
2848
2843
2849
3288
2842
2850
2843
2851
2852
3291
2845
2847
2853
2846
2848
2854
2849
2855
3294
2848
2850
2856
2849
2851
2857
2852
2858
3297
2851
2859
2852
2860
2861
3300
2854
2856
2862
2855
2857
2863
2858
2864
3303
2857
2859
2865
2858
2860
2866
2861
2867
3306
2860
2868
2861
2869
2870
3309
2863
2865
2871
2864
2866
2872
2867
2873
3312
2866
2868
2874
2867
2869
2875
2870
2876
3315
2869
2877
2870
2878
2879
3318
2872
2874
2880
2873
2875
2881
2876
2882
3321
2875
2877
2883
2876
2878
2884
2879
2885
3324
2878
2886
2879
2887
2888
3327
2881
2883
2889
2882
2884
2890
2885
2891
3330
2884
2886
2892
2885
2887
2893
2888
2894
3333
2887
2895
2888
2896
2897
3336
2890
2892
2898
2891
2893
2899
2894
2900
3339
2893
2895
2901
2894
2896
2902
2897
2903
3342
2896
2904
2897
2905
2906
3345
2899
2901
2907
2900
2902
2908
2903
2909
3348
2902
2904
2910
2903
2905
2911
2906
2912
3351
2905
2913
2906
2914
2915
3354
2908
2910
2916
2909
2911
2917
2912
2918
3357
2911
2913
2919
2912
2914
2920
2915
2921
3360
2914
2922
2915
2923
2924
3363
2917
2919
2925
2918
2920
2926
2921
2927
3366
2920
2922
2928
2921
2923
2929
2924
2930
3369
2923
2931
2924
2932
2933
3372
2926
2928
2934
2927
2929
2935
2930
2936
3375
2929
2931
2937
2930
2932
2938
2933
2939
3378
2932
2940
2933
2941
2942
3381
2935
2937
2943
2936
2938
2944
2939
2945
3384
2938
2940
2946
2939
2941
2947
2942
2948
3387
2941
2949
2942
2950
2951
3390
2944
2946
2952
2945
2947
2953
2948
2954
3393
2947
2949
2955
2948
2950
2956
2951
2957
3396
2950
2958
2951
2959
2960
3399
2953
2955
2961
2954
2956
2962
2957
2963
3402
2956
2958
2964
2957
2959
2965
2960
2966
3405
2959
2967
2960
2968
2969
3408
2962
2964
2970
2963
2965
2971
2966
2972
3411
2965
2967
2973
2966
2968
2974
2969
2975
3414
2968
2976
2969
2977
2978
3417
2971
2973
2979
2972
2974
2980
2975
2981
3420
2974
2976
2982
2975
2977
2983
2978
2984
3423
2977
2985
2978
2986
2987
3426
2980
2982
2988
2981
2983
2989
2984
2990
3429
2983
2985
2991
2984
2986
2992
2987
2993
3432
2986
2994
2987
2995
2996
3435
2989
2991
2997
2990
2992
2998
2993
2999
3438
2992
2994
3000
2993
2995
3001
2996
3002
3441
2995
3003
2996
3004
3005
3444
2998
3000
3006
2999
3001
3007
3002
3008
3447
3001
3003
3009
3002
3004
3010
3005
3011
3450
3004
3012
3005
3013
3014
3453
3007
3009
3015
3008
3010
3016
3011
3017
3456
3010
3012
3018
3011
3013
3019
3014
3020
3459
3013
3021
3014
3022
3023
3462
3016
3018
3024
3017
3019
3025
3020
3026
3465
3019
3021
3027
3020
3022
3028
3023
3029
3468
3022
3030
3023
3031
3032
3471
3025
3027
3033
3026
3028
3034
3029
3035
3474
3028
3030
3036
3029
3031
3037
3032
3038
3477
3031
3039
3032
3040
3041
3480
3034
3036
3042
3035
3037
3043
3038
3044
3483
3037
3039
3045
3038
3040
3046
3041
3047
3486
3040
3048
3041
3049
3050
3489
3043
3045
3051
3044
3046
3052
3047
3053
3492
3046
3048
3054
3047
3049
3055
3050
3056
3495
3049
3057
3050
3058
3059
3498
3052
3054
3060
3053
3055
3061
3056
3062
3501
3055
3057
3063
3056
3058
3064
3059
3065
3504
3058
3066
3059
3067
3068
3507
3061
3063
3069
3062
3064
3070
3065
3071
3510
3064
3066
3072
3065
3067
3073
3068
3074
3513
3067
3075
3068
3076
3077
3516
3070
3072
3078
3071
3073
3079
3074
3080
3519
3073
3075
3081
3074
3076
3082
3077
3083
3522
3076
3084
3077
3085
3086
3525
3079
3081
3087
3080
3082
3088
3083
3089
3528
3082
3084
3090
3083
3085
3091
3086
3092
3531
3085
3093
3086
3094
3095
3534
3088
3090
3096
3089
3091
3097
3092
3098
3537
3091
3093
3099
3092
3094
3100
3095
3101
3540
3094
3102
3095
3103
3104
3543
3097
3099
3105
3098
3100
3106
3101
3107
3546
3100
3102
3108
3101
3103
3109
3104
3110
3549
3103
3111
3104
3112
3113
3552
3106
3108
3114
3107
3109
3115
3110
3116
3555
3109
3111
3117
3110
3112
3118
3113
3119
3558
3112
3120
3113
3121
3122
3561
3115
3117
3123
3116
3118
3124
3119
3125
3564
3118
3120
3126
3119
3121
3127
3122
3128
3567
3121
3129
3122
3130
3131
3570
3124
3126
3132
3125
3127
3133
3128
3134
3573
3127
3129
3135
3128
3130
3136
3131
3137
3576
3130
3138
3131
3139
3140
3579
3133
3135
3141
3134
3136
3142
3137
3143
3582
3136
3138
3144
3137
3139
3145
3140
3146
3585
3139
3147
3140
3148
3149
3588
3142
3144
3143
3145
3146
3591
3145
3147
3146
3148
3149
3594
3148
3149
3597
3151
3153
3159
3152
3154
3160
3155
3161
3600
3154
3156
3162
3155
3157
3163
3158
3164
3603
3157
3165
3158
3166
3167
3606
3160
3162
3168
3161
3163
3169
3164
3170
3609
3163
3165
3171
3164
3166
3172
3167
3173
3612
3166
3174
3167
3175
3176
3615
3169
3171
3177
3170
3172
3178
3173
3179
3618
3172
3174
3180
3173
3175
3181
3176
3182
3621
3175
3183
3176
3184
3185
3624
3178
3180
3186
3179
3181
3187
3182
3188
3627
3181
3183
3189
3182
3184
3190
3185
3191
3630
3184
3192
3185
3193
3194
3633
3187
3189
3195
3188
3190
3196
3191
3197
3636
3190
3192
3198
3191
3193
3199
3194
3200
3639
3193
3201
3194
3202
3203
3642
3196
3198
3204
3197
3199
3205
3200
3206
3645
3199
3201
3207
3200
3202
3208
3203
3209
3648
3202
3210
3203
3211
3212
3651
3205
3207
3213
3206
3208
3214
3209
3215
3654
3208
3210
3216
3209
3211
3217
3212
3218
3657
3211
3219
3212
3220
3221
3660
3214
3216
3222
3215
3217
3223
3218
3224
3663
3217
3219
3225
3218
3220
3226
3221
3227
3666
3220
3228
3221
3229
3230
3669
3223
3225
3231
3224
3226
3232
3227
3233
3672
3226
3228
3234
3227
3229
3235
3230
3236
3675
3229
3237
3230
3238
3239
3678
3232
3234
3240
3233
3235
3241
3236
3242
3681
3235
3237
3243
3236
3238
3244
3239
3245
3684
3238
3246
3239
3247
3248
3687
3241
3243
3249
3242
3244
3250
3245
3251
3690
3244
3246
3252
3245
3247
3253
3248
3254
3693
3247
3255
3248
3256
3257
3696
3250
3252
3258
3251
3253
3259
3254
3260
3699
3253
3255
3261
3254
3256
3262
3257
3263
3702
3256
3264
3257
3265
3266
3705
3259
3261
3267
3260
3262
3268
3263
3269
3708
3262
3264
3270
3263
3265
3271
3266
3272
3711
3265
3273
3266
3274
3275
3714
3268
3270
3276
3269
3271
3277
3272
3278
3717
3271
3273
3279
3272
3274
3280
3275
3281
3720
3274
3282
3275
3283
3284
3723
3277
3279
3285
3278
3280
3286
3281
3287
3726
3280
3282
3288
3281
3283
3289
3284
3290
3729
3283
3291
3284
3292
3293
3732
3286
3288
3294
3287
3289
3295
3290
3296
3735
3289
3291
3297
3290
3292
3298
3293
3299
3738
3292
3300
3293
3301
3302
3741
3295
3297
3303
3296
3298
3304
3299
3305
3744
3298
3300
3306
3299
3301
3307
3302
3308
3747
3301
3309
3302
3310
3311
3750
3304
3306
3312
3305
3307
3313
3308
3314
3753
3307
3309
3315
3308
3310
3316
3311
3317
3756
3310
3318
3311
3319
3320
3759
3313
3315
3321
3314
3316
3322
3317
3323
3762
3316
3318
3324
3317
3319
3325
3320
3326
3765
3319
3327
3320
3328
3329
3768
3322
3324
3330
3323
3325
3331
3326
3332
3771
3325
3327
3333
3326
3328
3334
3329
3335
3774
3328
3336
3329
3337
3338
3777
3331
3333
3339
3332
3334
3340
3335
3341
3780
3334
3336
3342
3335
3337
3343
3338
3344
3783
3337
3345
3338
3346
3347
3786
3340
3342
3348
3341
3343
3349
3344
3350
3789
3343
3345
3351
3344
3346
3352
3347
3353
3792
3346
3354
3347
3355
3356
3795
3349
3351
3357
3350
3352
3358
3353
3359
3798
3352
3354
3360
3353
3355
3361
3356
3362
3801
3355
3363
3356
3364
3365
3804
3358
3360
3366
3359
3361
3367
3362
3368
3807
3361
3363
3369
3362
3364
3370
3365
3371
3810
3364
3372
3365
3373
3374
3813
3367
3369
3375
3368
3370
3376
3371
3377
3816
3370
3372
3378
3371
3373
3379
3374
3380
3819
3373
3381
3374
3382
3383
3822
3376
3378
3384
3377
3379
3385
3380
3386
3825
3379
3381
3387
3380
3382
3388
3383
3389
3828
3382
3390
3383
3391
3392
3831
3385
3387
3393
3386
3388
3394
3389
3395
3834
3388
3390
3396
3389
3391
3397
3392
3398
3837
3391
3399
3392
3400
3401
3840
3394
3396
3402
3395
3397
3403
3398
3404
3843
3397
3399
3405
3398
3400
3406
3401
3407
3846
3400
3408
3401
3409
3410
3849
3403
3405
3411
3404
3406
3412
3407
3413
3852
3406
3408
3414
3407
3409
3415
3410
3416
3855
3409
3417
3410
3418
3419
3858
3412
3414
3420
3413
3415
3421
3416
3422
3861
3415
3417
3423
3416
3418
3424
3419
3425
3864
3418
3426
3419
3427
3428
3867
3421
3423
3429
3422
3424
3430
3425
3431
3870
3424
3426
3432
3425
3427
3433
3428
3434
3873
3427
3435
3428
3436
3437
3876
3430
3432
3438
3431
3433
3439
3434
3440
3879
3433
3435
3441
3434
3436
3442
3437
3443
3882
3436
3444
3437
3445
3446
3885
3439
3441
3447
3440
3442
3448
3443
3449
3888
3442
3444
3450
3443
3445
3451
3446
3452
3891
3445
3453
3446
3454
3455
3894
3448
3450
3456
3449
3451
3457
3452
3458
3897
3451
3453
3459
3452
3454
3460
3455
3461
3900
3454
3462
3455
3463
3464
3903
3457
3459
3465
3458
3460
3466
3461
3467
3906
3460
3462
3468
3461
3463
3469
3464
3470
3909
3463
3471
3464
3472
3473
3912
3466
3468
3474
3467
3469
3475
3470
3476
3915
3469
3471
3477
3470
3472
3478
3473
3479
3918
3472
3480
3473
3481
3482
3921
3475
3477
3483
3476
3478
3484
3479
3485
3924
3478
3480
3486
3479
3481
3487
3482
3488
3927
3481
3489
3482
3490
3491
3930
3484
3486
3492
3485
3487
3493
3488
3494
3933
3487
3489
3495
3488
3490
3496
3491
3497
3936
3490
3498
3491
3499
3500
3939
3493
3495
3501
3494
3496
3502
3497
3503
3942
3496
3498
3504
3497
3499
3505
3500
3506
3945
3499
3507
3500
3508
3509
3948
3502
3504
3510
3503
3505
3511
3506
3512
3951
3505
3507
3513
3506
3508
3514
3509
3515
3954
3508
3516
3509
3517
3518
3957
3511
3513
3519
3512
3514
3520
3515
3521
3960
3514
3516
3522
3515
3517
3523
3518
3524
3963
3517
3525
3518
3526
3527
3966
3520
3522
3528
3521
3523
3529
3524
3530
3969
3523
3525
3531
3524
3526
3532
3527
3533
3972
3526
3534
3527
3535
3536
3975
3529
3531
3537
3530
3532
3538
3533
3539
3978
3532
3534
3540
3533
3535
3541
3536
3542
3981
3535
3543
3536
3544
3545
3984
3538
3540
3546
3539
3541
3547
3542
3548
3987
3541
3543
3549
3542
3544
3550
3545
3551
3990
3544
3552
3545
3553
3554
3993
3547
3549
3555
3548
3550
3556
3551
3557
3996
3550
3552
3558
3551
3553
3559
3554
3560
3999
3553
3561
3554
3562
3563
4002
3556
3558
3564
3557
3559
3565
3560
3566
4005
3559
3561
3567
3560
3562
3568
3563
3569
4008
3562
3570
3563
3571
3572
4011
3565
3567
3573
3566
3568
3574
3569
3575
4014
3568
3570
3576
3569
3571
3577
3572
3578
4017
3571
3579
3572
3580
3581
4020
3574
3576
3582
3575
3577
3583
3578
3584
4023
3577
3579
3585
3578
3580
3586
3581
3587
4026
3580
3588
3581
3589
3590
4029
3583
3585
3591
3584
3586
3592
3587
3593
4032
3586
3588
3594
3587
3589
3595
3590
3596
4035
3589
3597
3590
3598
3599
4038
3592
3594
3593
3595
3596
4041
3595
3597
3596
3598
3599
4044
3598
3599
4047
3601
3603
3609
3602
3604
3610
3605
3611
3604
3606
3612
3605
3607
3613
3608
3614
3607
3615
3608
3616
3617
3610
3612
3618
3611
3613
3619
3614
3620
3613
3615
3621
3614
3616
3622
3617
3623
3616
3624
3617
3625
3626
3619
3621
3627
3620
3622
3628
3623
3629
3622
3624
3630
3623
3625
3631
3626
3632
3625
3633
3626
3634
3635
3628
3630
3636
3629
3631
3637
3632
3638
3631
3633
3639
3632
3634
3640
3635
3641
3634
3642
3635
3643
3644
3637
3639
3645
3638
3640
3646
3641
3647
3640
3642
3648
3641
3643
3649
3644
3650
3643
3651
3644
3652
3653
3646
3648
3654
3647
3649
3655
3650
3656
3649
3651
3657
3650
3652
3658
3653
3659
3652
3660
3653
3661
3662
3655
3657
3663
3656
3658
3664
3659
3665
3658
3660
3666
3659
3661
3667
3662
3668
3661
3669
3662
3670
3671
3664
3666
3672
3665
3667
3673
3668
3674
3667
3669
3675
3668
3670
3676
3671
3677
3670
3678
3671
3679
3680
3673
3675
3681
3674
3676
3682
3677
3683
3676
3678
3684
3677
3679
3685
3680
3686
3679
3687
3680
3688
3689
3682
3684
3690
3683
3685
3691
3686
3692
3685
3687
3693
3686
3688
3694
3689
3695
3688
3696
3689
3697
3698
3691
3693
3699
3692
3694
3700
3695
3701
3694
3696
3702
3695
3697
3703
3698
3704
3697
3705
3698
3706
3707
3700
3702
3708
3701
3703
3709
3704
3710
3703
3705
3711
3704
3706
3712
3707
3713
3706
3714
3707
3715
3716
3709
3711
3717
3710
3712
3718
3713
3719
3712
3714
3720
3713
3715
3721
3716
3722
3715
3723
3716
3724
3725
3718
3720
3726
3719
3721
3727
3722
3728
3721
3723
3729
3722
3724
3730
3725
3731
3724
3732
3725
3733
3734
3727
3729
3735
3728
3730
3736
3731
3737
3730
3732
3738
3731
3733
3739
3734
3740
3733
3741
3734
3742
3743
3736
3738
3744
3737
3739
3745
3740
3746
3739
3741
3747
3740
3742
3748
3743
3749
3742
3750
3743
3751
3752
3745
3747
3753
3746
3748
3754
3749
3755
3748
3750
3756
3749
3751
3757
3752
3758
3751
3759
3752
3760
3761
3754
3756
3762
3755
3757
3763
3758
3764
3757
3759
3765
3758
3760
3766
3761
3767
3760
3768
3761
3769
3770
3763
3765
3771
3764
3766
3772
3767
3773
3766
3768
3774
3767
3769
3775
3770
3776
3769
3777
3770
3778
3779
3772
3774
3780
3773
3775
3781
3776
3782
3775
3777
3783
3776
3778
3784
3779
3785
3778
3786
3779
3787
3788
3781
3783
3789
3782
3784
3790
3785
3791
3784
3786
3792
3785
3787
3793
3788
3794
3787
3795
3788
3796
3797
3790
3792
3798
3791
3793
3799
3794
3800
3793
3795
3801
3794
3796
3802
3797
3803
3796
3804
3797
3805
3806
3799
3801
3807
3800
3802
3808
3803
3809
3802
3804
3810
3803
3805
3811
3806
3812
3805
3813
3806
3814
3815
3808
3810
3816
3809
3811
3817
3812
3818
3811
3813
3819
3812
3814
3820
3815
3821
3814
3822
3815
3823
3824
3817
3819
3825
3818
3820
3826
3821
3827
3820
3822
3828
3821
3823
3829
3824
3830
3823
3831
3824
3832
3833
3826
3828
3834
3827
3829
3835
3830
3836
3829
3831
3837
3830
3832
3838
3833
3839
3832
3840
3833
3841
3842
3835
3837
3843
3836
3838
3844
3839
3845
3838
3840
3846
3839
3841
3847
3842
3848
3841
3849
3842
3850
3851
3844
3846
3852
3845
3847
3853
3848
3854
3847
3849
3855
3848
3850
3856
3851
3857
3850
3858
3851
3859
3860
3853
3855
3861
3854
3856
3862
3857
3863
3856
3858
3864
3857
3859
3865
3860
3866
3859
3867
3860
3868
3869
3862
3864
3870
3863
3865
3871
3866
3872
3865
3867
3873
3866
3868
3874
3869
3875
3868
3876
3869
3877
3878
3871
3873
3879
3872
3874
3880
3875
3881
3874
3876
3882
3875
3877
3883
3878
3884
3877
3885
3878
3886
3887
3880
3882
3888
3881
3883
3889
3884
3890
3883
3885
3891
3884
3886
3892
3887
3893
3886
3894
3887
3895
3896
3889
3891
3897
3890
3892
3898
3893
3899
3892
3894
3900
3893
3895
3901
3896
3902
3895
3903
3896
3904
3905
3898
3900
3906
3899
3901
3907
3902
3908
3901
3903
3909
3902
3904
3910
3905
3911
3904
3912
3905
3913
3914
3907
3909
3915
3908
3910
3916
3911
3917
3910
3912
3918
3911
3913
3919
3914
3920
3913
3921
3914
3922
3923
3916
3918
3924
3917
3919
3925
3920
3926
3919
3921
3927
3920
3922
3928
3923
3929
3922
3930
3923
3931
3932
3925
3927
3933
3926
3928
3934
3929
3935
3928
3930
3936
3929
3931
3937
3932
3938
3931
3939
3932
3940
3941
3934
3936
3942
3935
3937
3943
3938
3944
3937
3939
3945
3938
3940
3946
3941
3947
3940
3948
3941
3949
3950
3943
3945
3951
3944
3946
3952
3947
3953
3946
3948
3954
3947
3949
3955
3950
3956
3949
3957
3950
3958
3959
3952
3954
3960
3953
3955
3961
3956
3962
3955
3957
3963
3956
3958
3964
3959
3965
3958
3966
3959
3967
3968
3961
3963
3969
3962
3964
3970
3965
3971
3964
3966
3972
3965
3967
3973
3968
3974
3967
3975
3968
3976
3977
3970
3972
3978
3971
3973
3979
3974
3980
3973
3975
3981
3974
3976
3982
3977
3983
3976
3984
3977
3985
3986
3979
3981
3987
3980
3982
3988
3983
3989
3982
3984
3990
3983
3985
3991
3986
3992
3985
3993
3986
3994
3995
3988
3990
3996
3989
3991
3997
3992
3998
3991
3993
3999
3992
3994
4000
3995
4001
3994
4002
3995
4003
4004
3997
3999
4005
3998
4000
4006
4001
4007
4000
4002
4008
4001
4003
4009
4004
4010
4003
4011
4004
4012
4013
4006
4008
4014
4007
4009
4015
4010
4016
4009
4011
4017
4010
4012
4018
4013
4019
4012
4020
4013
4021
4022
4015
4017
4023
4016
4018
4024
4019
4025
4018
4020
4026
4019
4021
4027
4022
4028
4021
4029
4022
4030
4031
4024
4026
4032
4025
4027
4033
4028
4034
4027
4029
4035
4028
4030
4036
4031
4037
4030
4038
4031
4039
4040
4033
4035
4041
4034
4036
4042
4037
4043
4036
4038
4044
4037
4039
4045
4040
4046
4039
4047
4040
4048
4049
4042
4044
4043
4045
4046
4045
4047
4046
4048
4049
4048
4049
4051
4053
4059
4052
4054
4060
4055
4061
4054
4056
4062
4055
4057
4063
4058
4064
4057
4065
4058
4066
4067
4060
4062
4068
4061
4063
4069
4064
4070
4063
4065
4071
4064
4066
4072
4067
4073
4066
4074
4067
4075
4076
4069
4071
4077
4070
4072
4078
4073
4079
4072
4074
4080
4073
4075
4081
4076
4082
4075
4083
4076
4084
4085
4078
4080
4086
4079
4081
4087
4082
4088
4081
4083
4089
4082
4084
4090
4085
4091
4084
4092
4085
4093
4094
4087
4089
4095
4088
4090
4096
4091
4097
4090
4092
4098
4091
4093
4099
4094
4100
4093
4101
4094
4102
4103
4096
4098
4104
4097
4099
4105
4100
4106
4099
4101
4107
4100
4102
4108
4103
4109
4102
4110
4103
4111
4112
4105
4107
4113
4106
4108
4114
4109
4115
4108
4110
4116
4109
4111
4117
4112
4118
4111
4119
4112
4120
4121
4114
4116
4122
4115
4117
4123
4118
4124
4117
4119
4125
4118
4120
4126
4121
4127
4120
4128
4121
4129
4130
4123
4125
4131
4124
4126
4132
4127
4133
4126
4128
4134
4127
4129
4135
4130
4136
4129
4137
4130
4138
4139
4132
4134
4140
4133
4135
4141
4136
4142
4135
4137
4143
4136
4138
4144
4139
4145
4138
4146
4139
4147
4148
4141
4143
4149
4142
4144
4150
4145
4151
4144
4146
4152
4145
4147
4153
4148
4154
4147
4155
4148
4156
4157
4150
4152
4158
4151
4153
4159
4154
4160
4153
4155
4161
4154
4156
4162
4157
4163
4156
4164
4157
4165
4166
4159
4161
4167
4160
4162
4168
4163
4169
4162
4164
4170
4163
4165
4171
4166
4172
4165
4173
4166
4174
4175
4168
4170
4176
4169
4171
4177
4172
4178
4171
4173
4179
4172
4174
4180
4175
4181
4174
4182
4175
4183
4184
4177
4179
4185
4178
4180
4186
4181
4187
4180
4182
4188
4181
4183
4189
4184
4190
4183
4191
4184
4192
4193
4186
4188
4194
4187
4189
4195
4190
4196
4189
4191
4197
4190
4192
4198
4193
4199
4192
4200
4193
4201
4202
4195
4197
4203
4196
4198
4204
4199
4205
4198
4200
4206
4199
4201
4207
4202
4208
4201
4209
4202
4210
4211
4204
4206
4212
4205
4207
4213
4208
4214
4207
4209
4215
4208
4210
4216
4211
4217
4210
4218
4211
4219
4220
4213
4215
4221
4214
4216
4222
4217
4223
4216
4218
4224
4217
4219
4225
4220
4226
4219
4227
4220
4228
4229
4222
4224
4230
4223
4225
4231
4226
4232
4225
4227
4233
4226
4228
4234
4229
4235
4228
4236
4229
4237
4238
4231
4233
4239
4232
4234
4240
4235
4241
4234
4236
4242
4235
4237
4243
4238
4244
4237
4245
4238
4246
4247
4240
4242
4241
4243
4244
4243
4245
4244
4246
4247
4246
4247
)


// ************************************************************************* //
